Summary Statistics by Survey Wave
---------------------------------------------------------------------------------------------------------------------------------
             Wave 1~2009)                           Wave 2~2012)                           Wave 3~2018)                          
                     mean           sd        count         mean           sd        count         mean           sd        count
---------------------------------------------------------------------------------------------------------------------------------
Child age          10.159      (3.756)         5038       10.503      (3.641)         4508       10.808      (3.597)         4200
Child is f~e        0.487      (0.500)         5038        0.467      (0.499)         4508        0.464      (0.499)         4200
Raven's sc~e        2.179      (1.152)         4333        2.143      (1.215)         3974        2.138      (1.220)         4200
Digit span~d        0.000      (0.000)         4346        0.000      (0.000)         3974        0.000      (0.000)         4200
Digit span~d        0.000      (0.000)          472        0.000      (0.000)         3974        0.000      (0.000)         4200
Math score          0.000      (0.000)         2756        0.000      (0.000)         2919        3.042      (2.911)         4200
English sc~e        0.000      (0.000)         2328        0.000      (0.000)         2919        2.947      (3.046)         4200
Cognitive ~x        0.004      (0.995)         4333        0.003      (0.996)         3974        0.006      (0.743)         4200
Height-for~e        0.352      (0.793)         4917        0.361      (0.790)         4164        0.039      (1.212)         4007
Weight-for~e        0.284      (0.903)         4920        0.285      (0.913)         4164        0.197      (0.698)         4007
Mother's age       42.691     (12.775)         5038       38.897     (14.229)         4508       45.147     (12.128)         4200
K10 depres~e       20.852      (6.178)         5038       17.194      (5.553)         4508       18.089      (6.380)         4200
Mother d~20)        0.559      (0.497)         5038        0.309      (0.462)         4508        0.376      (0.484)         4200
Reading/ho~e            .          (.)            0        0.461      (1.006)         2417        1.868      (3.011)         1371
Total chil~e            .          (.)            0        2.086      (2.138)         2417        3.551      (4.101)         1345
Household ~e        6.125      (2.406)         5038        5.607      (2.238)         4508        5.813      (2.315)         4200
Log per ca~n        3.396      (0.641)         5025        4.132      (0.716)         4503        4.309      (0.828)         4190
---------------------------------------------------------------------------------------------------------------------------------
