Distribution of Maternal Depression Severity by Wave
--------------------------------------
                                      
                        b       colpct
--------------------------------------
1                                     
0                    2212       (44.0)
1                    1457       (29.0)
2                     912       (18.1)
3                     446        (8.9)
--------------------------------------
2                                     
0                    3117       (69.1)
1                     898       (19.9)
2                     357        (7.9)
3                     136        (3.0)
--------------------------------------
3                                     
0                    2618       (62.4)
1                     857       (20.4)
2                     497       (11.8)
3                     226        (5.4)
--------------------------------------
